0 0.333677 0.503597 0.067298 0.040288
0 0.238498 0.085612 0.092295 0.070504
0 0.387516 0.058273 0.098063 0.053237
0 0.582681 0.051799 0.061530 0.048921
0 0.802842 0.046763 0.186512 0.061871
0 0.857642 0.255396 0.042302 0.064748
0 0.855719 0.148201 0.042302 0.057554
0 0.853797 0.388489 0.049993 0.057554
0 0.912442 0.421583 0.040379 0.043165
0 0.854758 0.517266 0.098063 0.056115
0 0.445200 0.287050 0.074989 0.050360
0 0.373095 0.197122 0.049993 0.048921
0 0.337523 0.152518 0.032688 0.028777
0 0.502884 0.887050 0.063453 0.064748
0 0.404821 0.692806 0.059607 0.047482
0 0.655747 0.970504 0.061530 0.033094
0 0.932632 0.648921 0.053839 0.025899
0 0.873025 0.792806 0.030765 0.310791
0 0.767270 0.977698 0.034611 0.027338
0 0.602870 0.360432 0.040379 0.041727
0 0.760540 0.212230 0.044225 0.030216