0 0.083856 0.441727 0.048451 0.074820
0 0.047248 0.323741 0.033378 0.054676
0 0.244822 0.141727 0.040915 0.044604
0 0.116156 0.553957 0.029071 0.057554
0 0.524764 0.634532 0.049528 0.046043
0 0.547913 0.145324 0.065679 0.046043
0 0.693806 0.100000 0.051682 0.044604
0 0.787479 0.099281 0.034454 0.028777
0 0.845621 0.089928 0.030148 0.030216
0 0.904839 0.082014 0.027994 0.037410
0 0.966749 0.176978 0.044145 0.086331
0 0.573754 0.343165 0.037684 0.047482
0 0.167838 0.681295 0.044145 0.044604
0 0.240515 0.736691 0.038761 0.040288
0 0.305656 0.788489 0.035531 0.046043
0 0.379410 0.835252 0.030148 0.041727
0 0.692191 0.419424 0.039838 0.053237
0 0.761638 0.471223 0.032301 0.053237
0 0.837007 0.527338 0.025841 0.041727
0 0.896764 0.570504 0.024764 0.038849
0 0.966749 0.507914 0.033378 0.031655
0 0.483850 0.268345 0.034454 0.041727
0 0.369181 0.220144 0.022611 0.043165
0 0.475774 0.097122 0.050605 0.050360
0 0.090854 0.071942 0.114130 0.120863
0 0.968903 0.619424 0.024764 0.047482