0 0.121540 0.232374 0.035531 0.030216
0 0.050478 0.399281 0.048451 0.133813
0 0.035942 0.805755 0.051682 0.086331
0 0.156533 0.823741 0.021534 0.030216
0 0.235670 0.758273 0.018304 0.040288
0 0.335265 0.694245 0.023687 0.027338
0 0.470929 0.389209 0.023687 0.053237
0 0.530686 0.345324 0.016150 0.031655
0 0.617899 0.287770 0.031224 0.037410
0 0.521534 0.094964 0.062449 0.063309
0 0.650738 0.098561 0.036608 0.035971
0 0.691114 0.441007 0.039838 0.058993
0 0.587213 0.497842 0.030148 0.048921
0 0.841314 0.504317 0.038761 0.035971
0 0.716955 0.591367 0.035531 0.031655
0 0.838084 0.846043 0.049528 0.040288
0 0.635126 0.653237 0.035531 0.031655
0 0.562987 0.582014 0.029071 0.035971
0 0.836469 0.318705 0.022611 0.027338
0 0.876845 0.297122 0.021534 0.030216
0 0.917221 0.263309 0.024764 0.014388
0 0.749794 0.138849 0.027994 0.044604
0 0.300272 0.407914 0.039838 0.027338
0 0.234055 0.448921 0.032301 0.028777
0 0.176990 0.477698 0.034454 0.028777
0 0.214136 0.178417 0.020457 0.028777
0 0.260434 0.145324 0.033378 0.023022
0 0.311578 0.118705 0.017227 0.015827
0 0.355184 0.817986 0.039838 0.041727