0 0.743448 0.212044 0.055444 0.134380
0 0.481855 0.152237 0.052419 0.189017
0 0.117944 0.127133 0.066532 0.109276
0 0.102823 0.396631 0.082661 0.033964
0 0.085685 0.936365 0.102823 0.067928
0 0.540323 0.953347 0.092742 0.033964
0 0.325101 0.947440 0.073589 0.033964
0 0.237399 0.646932 0.043347 0.044301
0 0.402722 0.519197 0.057460 0.031011
0 0.474294 0.460867 0.051411 0.038394
0 0.553931 0.398846 0.037298 0.029534
0 0.602823 0.356760 0.030242 0.033964
0 0.622984 0.810107 0.024194 0.025104
0 0.637097 0.742917 0.030242 0.029534
0 0.945060 0.880250 0.089718 0.153577
0 0.839214 0.947440 0.075605 0.042824
0 0.720766 0.954823 0.076613 0.028057