0 0.264461 0.153237 0.039604 0.090647
0 0.372850 0.164748 0.022929 0.038849
0 0.432256 0.197842 0.018760 0.033094
0 0.485409 0.232374 0.022929 0.038849
0 0.521886 0.258273 0.012507 0.035971
0 0.570870 0.289928 0.014591 0.035971
0 0.617770 0.329496 0.025013 0.034532
0 0.674049 0.364029 0.018760 0.034532
0 0.718864 0.393525 0.022929 0.035971
0 0.461438 0.393525 0.033351 0.027338
0 0.525013 0.910791 0.158416 0.074820
0 0.066441 0.821583 0.089630 0.138129
0 0.199844 0.634532 0.022929 0.028777
0 0.306670 0.629496 0.023971 0.021583
0 0.342105 0.656835 0.015633 0.024460
0 0.068004 0.500719 0.040646 0.040288
0 0.086243 0.215108 0.050026 0.076259
0 0.930954 0.817986 0.103179 0.056115
0 0.754299 0.838129 0.039604 0.033094
0 0.494268 0.806475 0.046899 0.044604
0 0.360865 0.782734 0.028140 0.040288
0 0.264982 0.907194 0.053153 0.035971
0 0.204013 0.873381 0.031266 0.034532
0 0.291558 0.977698 0.035435 0.033094
0 0.482282 0.979137 0.052110 0.024460
0 0.673528 0.547482 0.023971 0.053237
0 0.732934 0.587050 0.028140 0.031655
0 0.792861 0.621583 0.029182 0.037410
0 0.575560 0.486331 0.026055 0.046043
0 0.511985 0.432374 0.017718 0.041727
0 0.544294 0.458273 0.013549 0.033094