0 0.534778 0.711861 0.043347 0.066523
0 0.253024 0.918660 0.042339 0.046277
0 0.184476 0.860814 0.034274 0.052061
0 0.098286 0.795737 0.047379 0.057846
0 0.326109 0.967829 0.025202 0.040492
0 0.302923 0.702461 0.031250 0.062184
0 0.589214 0.318508 0.029234 0.060738
0 0.552923 0.069048 0.089718 0.021692
0 0.679435 0.070494 0.026210 0.033261
0 0.226815 0.032894 0.028226 0.036154
0 0.411290 0.182570 0.030242 0.043384
0 0.695060 0.408893 0.039315 0.062184
0 0.765121 0.454446 0.022177 0.049169
0 0.017137 0.609907 0.034274 0.056400
1 0.199093 0.190524 0.015121 0.021692
1 0.631552 0.598338 0.001008 0.004338
1 0.224798 0.099417 0.012097 0.027477
1 0.267137 0.043017 0.014113 0.018800
1 0.297883 0.047355 0.015121 0.018800
1 0.265121 0.157986 0.020161 0.028923
1 0.340222 0.127617 0.019153 0.028923
1 0.332661 0.075555 0.010081 0.023138
1 0.452621 0.087848 0.028226 0.018800
1 0.399194 0.113155 0.014113 0.023138
1 0.445060 0.131955 0.021169 0.026031
1 0.501512 0.135571 0.013105 0.027477
1 0.547379 0.157263 0.018145 0.033261
1 0.535786 0.242586 0.015121 0.021692
1 0.721774 0.235355 0.030242 0.021692
1 0.497480 0.271509 0.015121 0.018800
1 0.422883 0.255601 0.017137 0.021692
1 0.136089 0.728491 0.020161 0.036154
1 0.130544 0.570861 0.017137 0.033261
1 0.213206 0.651123 0.031250 0.031815
1 0.363407 0.727768 0.021169 0.028923
1 0.483367 0.703184 0.023185 0.020246
1 0.448589 0.528923 0.022177 0.013015
1 0.433972 0.465292 0.023185 0.021692
1 0.282762 0.531815 0.045363 0.039046
1 0.379032 0.476139 0.020161 0.026031
1 0.630544 0.466739 0.027218 0.021692
1 0.628528 0.592554 0.027218 0.015908
1 0.630040 0.633046 0.014113 0.027477
1 0.787298 0.528200 0.038306 0.049169
1 0.793851 0.369124 0.019153 0.028923
1 0.836694 0.330801 0.028226 0.047723
1 0.871976 0.204263 0.028226 0.034708
1 0.813508 0.177509 0.026210 0.044831
1 0.449597 0.323570 0.014113 0.030369
1 0.381048 0.215109 0.016129 0.018800
1 0.373488 0.163770 0.015121 0.014461
1 0.321069 0.249816 0.031250 0.021692
1 0.255040 0.225955 0.014113 0.023138
1 0.206149 0.296093 0.019153 0.036154
1 0.320060 0.311278 0.015121 0.026031
1 0.390121 0.321401 0.016129 0.023138
1 0.431893 0.221664 0.015751 0.016269