1 0.491959 0.723741 0.039669 0.031655
1 0.670468 0.758993 0.066472 0.033094
1 0.675292 0.697122 0.033236 0.018705
1 0.762134 0.670504 0.020370 0.028777
1 0.780360 0.736691 0.016082 0.020144
1 0.838255 0.761151 0.022515 0.025899
1 0.753557 0.446043 0.037524 0.028777
1 0.602388 0.588489 0.028947 0.031655
1 0.528947 0.702158 0.017154 0.034532
1 0.471053 0.602158 0.032164 0.030216
1 0.364376 0.658273 0.033236 0.035971
1 0.353119 0.542446 0.027875 0.025899
1 0.232505 0.580576 0.020370 0.035971
1 0.211063 0.584892 0.024659 0.041727
1 0.326852 0.430935 0.024659 0.024460
1 0.426560 0.424460 0.024659 0.025899
1 0.609893 0.449640 0.018226 0.027338
1 0.546637 0.392806 0.020370 0.028777
1 0.651705 0.356835 0.020370 0.028777
1 0.690838 0.325899 0.015010 0.035971
1 0.768567 0.353237 0.018226 0.015827
1 0.862914 0.354676 0.037524 0.027338
1 0.334893 0.331655 0.015010 0.024460
1 0.308090 0.361151 0.030019 0.034532
1 0.265205 0.266906 0.025731 0.021583
1 0.226073 0.056115 0.018226 0.023022
1 0.238938 0.103597 0.031092 0.023022
1 0.316667 0.185612 0.019298 0.031655
1 0.364376 0.269065 0.016082 0.028777
1 0.494639 0.144604 0.019298 0.027338
1 0.429776 0.300719 0.024659 0.028777
1 0.521979 0.282014 0.016082 0.028777
1 0.616325 0.164029 0.011793 0.028777
1 0.635624 0.151799 0.020370 0.058993
1 0.689230 0.123741 0.013938 0.034532
1 0.738547 0.102878 0.022515 0.030216
1 0.790545 0.193525 0.010721 0.018705
1 0.776353 0.223575 0.021442 0.017709
1 0.778414 0.203652 0.025566 0.033204