0 0.799899 0.120386 0.075605 0.179322
0 0.477319 0.091463 0.039315 0.063631
0 0.563508 0.338754 0.030242 0.026031
0 0.608367 0.296093 0.029234 0.036154
0 0.671371 0.243309 0.024194 0.034708
0 0.394153 0.464569 0.044355 0.023138
0 0.211190 0.607015 0.033266 0.047723
0 0.536794 0.955537 0.039315 0.059292
0 0.113407 0.694507 0.045363 0.034708
0 0.030242 0.756691 0.020161 0.037600
0 0.014617 0.322847 0.029234 0.069415
1 0.148690 0.113155 0.013105 0.031815
1 0.179940 0.237524 0.021169 0.026031
1 0.287802 0.116771 0.019153 0.021692
1 0.319556 0.192693 0.018145 0.031815
1 0.249496 0.320678 0.019153 0.036154
1 0.340726 0.272955 0.018145 0.036154
1 0.375000 0.607015 0.022177 0.039046
1 0.536290 0.631600 0.032258 0.041938
1 0.631552 0.460954 0.017137 0.036154
1 0.539315 0.264278 0.024194 0.030369
1 0.427923 0.407446 0.023185 0.036154
1 0.566532 0.238970 0.022177 0.023138
1 0.521169 0.178955 0.018145 0.021692
1 0.503528 0.225232 0.021169 0.021692