1 0.195294 0.191367 0.023687 0.020144
1 0.189910 0.335252 0.023687 0.031655
1 0.264741 0.270504 0.026917 0.020144
1 0.111311 0.450360 0.021534 0.025899
1 0.176990 0.473381 0.015074 0.025899
1 0.236747 0.487050 0.018304 0.027338
1 0.391792 0.336691 0.026917 0.028777
1 0.427861 0.264029 0.036608 0.033094
1 0.651815 0.238129 0.017227 0.024460
1 0.364336 0.430216 0.023687 0.031655
1 0.343879 0.521583 0.032301 0.038849
1 0.246437 0.690647 0.018304 0.025899
1 0.350877 0.667626 0.016150 0.028777
1 0.452087 0.641007 0.026917 0.024460
1 0.659352 0.687770 0.015074 0.025899
1 0.782095 0.701439 0.021534 0.033094
1 0.744411 0.584892 0.015074 0.027338
1 0.641048 0.535971 0.019381 0.018705
1 0.572677 0.525180 0.022611 0.028777
1 0.578599 0.446763 0.015074 0.024460
1 0.675502 0.377698 0.019381 0.035971
1 0.692191 0.304317 0.020457 0.035971
1 0.840237 0.382734 0.023687 0.023022
1 0.789094 0.443885 0.024764 0.030216
0 0.490848 0.323022 0.020457 0.044604
0 0.936602 0.262590 0.041991 0.056115
0 0.952214 0.365468 0.058142 0.063309
0 0.954367 0.495683 0.043068 0.067626
0 0.951137 0.612950 0.034454 0.054676
0 0.959212 0.755396 0.039838 0.092086
0 0.791247 0.375540 0.024764 0.037410
0 0.837007 0.343165 0.025841 0.033094
0 0.877383 0.321583 0.024764 0.033094
0 0.906454 0.294245 0.011844 0.038849
0 0.983977 0.229496 0.024764 0.038849
0 0.734721 0.422302 0.027994 0.044604
0 0.107543 0.499281 0.063525 0.054676
0 0.299734 0.411511 0.030148 0.043165
0 0.483850 0.843885 0.051682 0.130935
0 0.347647 0.936691 0.031224 0.037410
0 0.581829 0.910791 0.027994 0.046043
0 0.742257 0.856115 0.043068 0.046043
0 0.622744 0.858273 0.060295 0.035971
0 0.888150 0.859712 0.063525 0.033094
0 0.203369 0.864029 0.354234 0.050360