1 0.047883 0.084232 0.031250 0.034708
1 0.242440 0.066878 0.027218 0.028923
1 0.236391 0.121109 0.017137 0.024585
1 0.149698 0.184740 0.025202 0.033261
1 0.050907 0.236801 0.029234 0.030369
1 0.135081 0.257047 0.028226 0.027477
1 0.059476 0.327185 0.024194 0.031815
1 0.128024 0.323570 0.030242 0.027477
1 0.059980 0.426246 0.025202 0.027477
1 0.138609 0.436369 0.021169 0.044831
1 0.237399 0.288139 0.025202 0.037600
1 0.227823 0.195586 0.024194 0.023138
1 0.352823 0.095801 0.022177 0.031815
1 0.397177 0.144247 0.024194 0.027477
1 0.343750 0.246924 0.026210 0.036154
1 0.177923 0.708968 0.021169 0.040492
1 0.222278 0.608461 0.025202 0.018800
1 0.259577 0.667030 0.015121 0.031815
1 0.209677 0.803691 0.030242 0.041938
1 0.276714 0.837676 0.029234 0.040492
1 0.282762 0.478308 0.021169 0.024585
1 0.343750 0.620030 0.022177 0.039046
1 0.425403 0.785614 0.024194 0.026031
1 0.394657 0.488431 0.033266 0.041938
1 0.443044 0.387923 0.029234 0.026031
1 0.498488 0.309831 0.019153 0.031815
1 0.633569 0.231739 0.027218 0.026031
1 0.544355 0.180401 0.026210 0.030369
1 0.630544 0.113155 0.023185 0.026031
1 0.718246 0.113878 0.027218 0.033261
1 0.547379 0.384308 0.026210 0.033261
1 0.616431 0.358277 0.017137 0.027477
1 0.715726 0.258493 0.022177 0.050615
1 0.520161 0.807307 0.034274 0.037600
1 0.582661 0.802245 0.022177 0.033261
1 0.665323 0.810199 0.030242 0.026031
1 0.506552 0.563631 0.025202 0.036154
1 0.556452 0.644615 0.032258 0.033261
1 0.657258 0.666307 0.024194 0.039046
1 0.710685 0.656184 0.024194 0.041938
1 0.606855 0.458062 0.026210 0.039046
1 0.668347 0.487708 0.052419 0.031815
1 0.676411 0.429139 0.018145 0.044831
1 0.706653 0.377800 0.020161 0.034708
1 0.756048 0.421908 0.026210 0.033261
0 0.129536 0.818153 0.037298 0.033261
0 0.646169 0.912875 0.032258 0.028923
0 0.809476 0.121109 0.038306 0.067969
0 0.862399 0.160878 0.021169 0.040492
0 0.902722 0.183293 0.015121 0.039046
0 0.946069 0.215832 0.011089 0.040492
0 0.723790 0.046632 0.018145 0.034708
0 0.767641 0.079171 0.013105 0.041938
0 0.767137 0.243309 0.026210 0.052061
0 0.822581 0.287416 0.014113 0.033261
0 0.887097 0.328631 0.024194 0.063631
0 0.951613 0.385031 0.024194 0.046277
0 0.527722 0.066878 0.031250 0.049169
0 0.573085 0.100863 0.011089 0.039046
0 0.669355 0.170278 0.016129 0.039046
0 0.107359 0.698122 0.025202 0.039046