0 0.035648 0.175540 0.025941 0.037410
0 0.080786 0.149640 0.024904 0.020144
0 0.128518 0.116547 0.020753 0.046043
0 0.164317 0.082734 0.025941 0.033094
0 0.203230 0.056115 0.018678 0.023022
0 0.243698 0.035971 0.020753 0.028777
0 0.103614 0.492086 0.026979 0.025899
0 0.022677 0.302158 0.035280 0.031655
0 0.239548 0.384173 0.026979 0.031655
0 0.442929 0.384173 0.022828 0.020144
0 0.763046 0.489928 0.044619 0.027338
0 0.330343 0.820144 0.034243 0.028777
0 0.282611 0.856835 0.040469 0.030216
0 0.239029 0.894964 0.036318 0.025899
0 0.121255 0.900719 0.049808 0.025899
0 0.313221 0.935971 0.024904 0.030216
0 0.434628 0.911511 0.029054 0.030216
0 0.380150 0.958993 0.028017 0.030216
0 0.472502 0.825180 0.028017 0.038849
0 0.550326 0.565468 0.021791 0.037410
0 0.602728 0.522302 0.024904 0.037410
0 0.657724 0.482734 0.024904 0.027338
0 0.701306 0.451079 0.020753 0.021583
0 0.753189 0.408633 0.026979 0.040288
0 0.511933 0.020863 0.081975 0.041726
1 0.199079 0.265468 0.022828 0.030216
1 0.260697 0.239808 0.020753 0.038369
1 0.296100 0.171942 0.030092 0.027338
1 0.186108 0.315108 0.025941 0.025899
1 0.199079 0.412950 0.018678 0.020144
1 0.234359 0.569784 0.022828 0.051799
1 0.266008 0.651079 0.023866 0.027338
1 0.286761 0.719424 0.015565 0.023022
1 0.355765 0.698561 0.037356 0.030216
1 0.344870 0.561151 0.034243 0.023022
1 0.448636 0.624460 0.015565 0.025899
1 0.489105 0.702878 0.028017 0.024460
1 0.556034 0.678417 0.024904 0.035971
1 0.592870 0.589209 0.013490 0.033094
1 0.664469 0.545324 0.032167 0.023022
1 0.692486 0.630216 0.025941 0.023022
1 0.793139 0.612950 0.021791 0.031655
1 0.863180 0.474101 0.022828 0.027338
1 0.812854 0.457554 0.023866 0.014388
1 0.901055 0.326619 0.017640 0.028777
1 0.732752 0.341727 0.038912 0.028777
1 0.697731 0.299011 0.018159 0.026079
1 0.652009 0.243705 0.025293 0.052158
1 0.570293 0.303507 0.022699 0.015288
1 0.502197 0.334083 0.017510 0.026079
1 0.461339 0.478867 0.022699 0.024281
1 0.386109 0.416817 0.018808 0.013489
1 0.328713 0.425360 0.015565 0.010791
1 0.272291 0.422212 0.020753 0.015288
1 0.301475 0.335432 0.036318 0.028777
1 0.363410 0.335432 0.020105 0.019784
1 0.393243 0.276529 0.014916 0.044065
1 0.408808 0.207734 0.038264 0.026978
1 0.493442 0.185701 0.050586 0.040468
1 0.735994 0.506295 0.014268 0.030576
1 0.832626 0.276529 0.036318 0.031475
1 0.217116 0.077698 0.026287 0.024940
1 0.209852 0.126139 0.024212 0.031655