1 0.061996 0.122555 0.021169 0.033261
1 0.118952 0.157263 0.020161 0.044831
1 0.186492 0.309831 0.016129 0.031815
1 0.220262 0.330801 0.025202 0.027477
1 0.409274 0.212216 0.034274 0.018800
1 0.428427 0.152924 0.022177 0.033261
1 0.475806 0.145694 0.020161 0.030369
1 0.725806 0.163770 0.026210 0.040492
1 0.757560 0.256324 0.017137 0.034708
1 0.661290 0.269339 0.024194 0.028923
1 0.439012 0.262109 0.021169 0.046277
1 0.574597 0.333693 0.020161 0.021692
1 0.644153 0.345985 0.030242 0.028923
1 0.694556 0.351770 0.020161 0.031815
1 0.287298 0.604123 0.016129 0.044831
1 0.371472 0.602677 0.019153 0.036154
1 0.434980 0.618584 0.015121 0.041938
1 0.550403 0.669922 0.016129 0.037600
1 0.677923 0.705353 0.027218 0.041938
1 0.702621 0.576646 0.028226 0.047723
0 0.214718 0.049347 0.054435 0.098694
0 0.315020 0.827553 0.037298 0.049169
0 0.474294 0.864429 0.027218 0.039046
0 0.805948 0.907814 0.051411 0.041938
0 0.490423 0.939629 0.107863 0.062184
0 0.133065 0.941075 0.050403 0.036154
0 0.572077 0.430585 0.035282 0.044831
0 0.511593 0.129786 0.041331 0.096892
0 0.488407 0.374185 0.051411 0.070861
0 0.217238 0.594723 0.023185 0.052061
0 0.061492 0.594000 0.050403 0.059292
0 0.291331 0.672092 0.046371 0.039046
0 0.811996 0.596892 0.049395 0.079538
0 0.689012 0.506508 0.041331 0.049169
0 0.744456 0.320678 0.029234 0.050615
0 0.604839 0.222339 0.054435 0.047723
0 0.429435 0.084232 0.026210 0.054954
0 0.794859 0.131232 0.029234 0.044831