1 0.204267 0.559712 0.029054 0.011511
1 0.252781 0.406664 0.015292 0.016660
1 0.234213 0.328663 0.007646 0.013631
1 0.251962 0.307459 0.009284 0.013631
1 0.281453 0.298372 0.037683 0.024233
1 0.328967 0.266566 0.028945 0.018175
1 0.363647 0.216206 0.014200 0.020447
1 0.406246 0.327149 0.015292 0.022719
1 0.445567 0.243090 0.015292 0.013631
1 0.537045 0.272245 0.014746 0.040136
1 0.577186 0.424460 0.028399 0.021961
1 0.663203 0.424839 0.015838 0.016660
1 0.680679 0.337372 0.013653 0.015903
1 0.709624 0.387732 0.012561 0.025748
1 0.698428 0.446800 0.053521 0.012117
1 0.752769 0.444907 0.024576 0.026505
1 0.684775 0.500189 0.015292 0.032563
1 0.620058 0.467626 0.014746 0.017418
1 0.542780 0.484665 0.014200 0.018175
1 0.762053 0.479743 0.019115 0.026505
1 0.697063 0.511927 0.014746 0.025748
1 0.724097 0.707686 0.018569 0.024991
1 0.616235 0.653540 0.023484 0.022719
1 0.469597 0.620598 0.024030 0.020447
1 0.444475 0.645210 0.017476 0.021204
1 0.274627 0.676638 0.016384 0.020447
1 0.517111 0.748959 0.232654 0.045437
1 0.387950 0.804241 0.020207 0.022719
1 0.775433 0.819008 0.021845 0.018932
1 0.825405 0.736842 0.020207 0.033321
1 0.640575 0.231154 0.011730 0.014388
1 0.622304 0.280576 0.011279 0.010635
1 0.558240 0.204880 0.011279 0.018142
1 0.609897 0.171098 0.010828 0.010635
1 0.546511 0.194964 0.016084 0.018705
1 0.338649 0.425146 0.011365 0.022610
1 0.476016 0.489894 0.016306 0.013703
1 0.342981 0.204586 0.022050 0.020683
1 0.368923 0.170414 0.016862 0.018885
0 0.519059 0.101169 0.016213 0.027878
0 0.490199 0.150180 0.016862 0.014388
0 0.570293 0.400629 0.016213 0.020683
0 0.673735 0.400180 0.014268 0.021583
0 0.751235 0.294514 0.016213 0.027878