1 0.231351 0.282258 0.015121 0.033370
1 0.296875 0.348165 0.019153 0.028365
1 0.346270 0.273081 0.019153 0.031702
1 0.415827 0.288932 0.021169 0.036707
1 0.576613 0.301446 0.028226 0.031702
1 0.632560 0.305617 0.013105 0.026696
1 0.629032 0.393215 0.018145 0.031702
1 0.581653 0.381535 0.020161 0.028365
1 0.568044 0.469132 0.015121 0.036707
1 0.627846 0.480804 0.029886 0.030017
1 0.439101 0.324053 0.014824 0.027482
1 0.525380 0.351534 0.024905 0.033370
1 0.498102 0.437414 0.018975 0.028463
1 0.468157 0.488451 0.017196 0.022574
1 0.530420 0.489923 0.017196 0.029444
1 0.566592 0.538016 0.020754 0.035333
1 0.604542 0.516914 0.017196 0.038278
1 0.651981 0.513479 0.021940 0.033370
1 0.602763 0.555683 0.026684 0.037296
1 0.408859 0.396192 0.017196 0.026500
1 0.339777 0.360368 0.018975 0.023556
1 0.345114 0.307858 0.018975 0.018648
1 0.238378 0.388340 0.017789 0.024537
1 0.286112 0.401590 0.019568 0.019630
1 0.345707 0.417784 0.018975 0.032389
1 0.280776 0.441340 0.019568 0.022574
1 0.243418 0.450173 0.018382 0.026500
1 0.241935 0.514461 0.015417 0.027482
1 0.284037 0.521822 0.014231 0.020611
1 0.372094 0.548812 0.019568 0.029444
1 0.335923 0.639600 0.019568 0.028463
1 0.440583 0.560590 0.020161 0.031407
1 0.507294 0.611137 0.017196 0.026500
1 0.537239 0.665118 0.017789 0.030426
1 0.592683 0.677387 0.023126 0.033370
1 0.623518 0.673951 0.018382 0.028463
1 0.407080 0.653340 0.012453 0.024537
1 0.359938 0.679350 0.015417 0.031407
1 0.313686 0.712229 0.024905 0.020611
1 0.325842 0.777007 0.019568 0.036315
1 0.368833 0.795655 0.018975 0.024537
1 0.455704 0.759831 0.013639 0.029444
1 0.511741 0.775535 0.020161 0.031407
1 0.551767 0.774553 0.016010 0.021593
1 0.600984 0.778479 0.019568 0.027482
0 0.690228 0.312766 0.024905 0.030426
0 0.736777 0.346136 0.017196 0.028463
0 0.772948 0.378034 0.020754 0.041222
0 0.639231 0.260747 0.021347 0.026500