1 0.316028 0.150309 0.019153 0.030325
1 0.317036 0.200536 0.033266 0.047384
1 0.372480 0.236547 0.021169 0.039802
1 0.343750 0.296251 0.022177 0.034116
1 0.302923 0.318047 0.019153 0.028430
1 0.296875 0.367326 0.029234 0.032221
1 0.303931 0.456407 0.013105 0.043593
1 0.369456 0.390070 0.039315 0.051174
1 0.353831 0.457355 0.016129 0.034116
1 0.328629 0.582447 0.022177 0.041698
1 0.402722 0.578657 0.021169 0.045488
1 0.345262 0.661104 0.033266 0.039802
1 0.364919 0.727441 0.022177 0.047384
1 0.404738 0.700906 0.017137 0.032221
1 0.388105 0.456407 0.020161 0.039802
1 0.428931 0.451669 0.019153 0.045488
1 0.414819 0.376803 0.021169 0.036011
1 0.441028 0.261187 0.029234 0.051174
1 0.429435 0.319943 0.038306 0.058756
1 0.499496 0.233704 0.039315 0.060651
1 0.502016 0.377750 0.016129 0.049279
1 0.542843 0.353111 0.017137 0.045488
1 0.599294 0.291512 0.025202 0.058756
1 0.631048 0.347425 0.020161 0.034116
1 0.717238 0.216646 0.025202 0.053070
1 0.717742 0.323733 0.022177 0.039802
1 0.760585 0.371117 0.023185 0.051174
1 0.656754 0.380593 0.023185 0.043593
1 0.737903 0.504738 0.014113 0.034116
1 0.706149 0.486733 0.021169 0.062546
1 0.689516 0.617511 0.018145 0.051174
1 0.657762 0.526535 0.017137 0.032221
1 0.477823 0.513267 0.018145 0.043593
1 0.560988 0.602348 0.015121 0.028430
1 0.473286 0.635517 0.027218 0.037907
1 0.491431 0.699959 0.017137 0.026535
1 0.532762 0.681005 0.023185 0.030325
1 0.601310 0.564442 0.019153 0.043593
1 0.628528 0.637412 0.027218 0.037907
0 0.763105 0.570128 0.018145 0.043593
0 0.529234 0.583395 0.028226 0.036011
0 0.608367 0.509477 0.023185 0.024639
0 0.650706 0.462093 0.025202 0.032221
0 0.759577 0.137990 0.023185 0.039802
0 0.335181 0.862010 0.019153 0.028430
0 0.373992 0.825051 0.022177 0.034116
0 0.415827 0.787144 0.023185 0.034116
0 0.455141 0.740708 0.027218 0.032221
0 0.286794 0.838319 0.033266 0.045488
0 0.239919 0.900865 0.032258 0.056860
0 0.224798 0.529378 0.030242 0.053070
0 0.268145 0.495262 0.020161 0.045488
0 0.231351 0.214751 0.029234 0.037907
0 0.270161 0.183478 0.014113 0.032221
0 0.344758 0.105769 0.018145 0.028430
0 0.516129 0.108612 0.040323 0.041698
0 0.425907 0.930243 0.019153 0.036011
0 0.368448 0.921714 0.013105 0.030325
0 0.399194 0.885702 0.014113 0.030325
0 0.503528 0.839266 0.017137 0.028430
0 0.714214 0.392913 0.029234 0.034116