1 0.338710 0.165413 0.020161 0.031215
1 0.348790 0.214187 0.038306 0.035117
1 0.394153 0.280519 0.016129 0.039019
1 0.501512 0.238574 0.021169 0.037068
1 0.611895 0.217113 0.014113 0.048774
1 0.640121 0.215162 0.018145 0.056577
1 0.363407 0.339047 0.017137 0.027313
1 0.422379 0.343925 0.020161 0.033166
1 0.459677 0.365385 0.020161 0.033166
1 0.335685 0.608277 0.032258 0.066332
1 0.413810 0.580964 0.019153 0.054626
1 0.399194 0.485368 0.018145 0.035117
1 0.385585 0.425864 0.021169 0.056577
1 0.397681 0.392698 0.023185 0.064381
1 0.454637 0.479515 0.020161 0.035117
1 0.418347 0.684364 0.020161 0.054626
1 0.486895 0.640468 0.022177 0.056577
1 0.498992 0.738015 0.016129 0.068283
1 0.520161 0.720456 0.020161 0.064381
1 0.603831 0.769230 0.056452 0.060479
1 0.705645 0.771181 0.022177 0.048774
1 0.665323 0.744843 0.016129 0.046823
1 0.654234 0.682413 0.028226 0.046823
1 0.607863 0.708751 0.022177 0.048774
1 0.566532 0.627787 0.022177 0.046823
1 0.571069 0.505853 0.023185 0.056577
1 0.530242 0.455128 0.020161 0.052675
1 0.517641 0.347826 0.017137 0.040970
1 0.654234 0.500000 0.028226 0.044872
1 0.591734 0.428791 0.018145 0.023411
1 0.612399 0.391723 0.019153 0.050725
1 0.657762 0.419036 0.023185 0.042921
1 0.715726 0.414159 0.032258 0.079989
1 0.670363 0.295151 0.030242 0.060479