1 0.342742 0.387184 0.020161 0.037921
1 0.358367 0.365379 0.021169 0.058778
1 0.373992 0.344522 0.030242 0.085323
1 0.397177 0.349263 0.030242 0.064466
1 0.424899 0.257303 0.021169 0.039817
1 0.406250 0.277212 0.018145 0.034129
1 0.425403 0.304705 0.026210 0.047402
1 0.322077 0.572999 0.029234 0.034129
1 0.355847 0.455442 0.020161 0.034129
1 0.406250 0.465871 0.024194 0.032233
1 0.366431 0.674438 0.019153 0.036025
1 0.427923 0.774930 0.019153 0.039817
1 0.517137 0.737956 0.137097 0.072051
1 0.661290 0.791994 0.018145 0.032233
1 0.694556 0.729424 0.026210 0.043610
1 0.634577 0.696243 0.021169 0.026545
1 0.568548 0.652633 0.018145 0.045506
1 0.488911 0.631777 0.018145 0.037921
1 0.469254 0.641257 0.019153 0.045506
1 0.525202 0.518961 0.020161 0.043610
1 0.544355 0.463027 0.032258 0.068258
1 0.570060 0.509480 0.023185 0.036025
1 0.608871 0.533181 0.016129 0.045506
1 0.648564 0.501896 0.029486 0.066362
1 0.609375 0.401332 0.019153 0.032088
1 0.445439 0.393675 0.022681 0.030811
1 0.468435 0.320795 0.018271 0.039106
1 0.523564 0.282874 0.016381 0.041476
1 0.535219 0.281689 0.013231 0.058067
1 0.566091 0.262728 0.017011 0.041476
1 0.523564 0.347459 0.017641 0.037921
1 0.570502 0.356347 0.023311 0.031996
1 0.583102 0.313093 0.015751 0.018961
1 0.626575 0.440485 0.018271 0.029626
1 0.702810 0.545953 0.000630 0.001185
1 0.596963 0.467148 0.017011 0.026071
1 0.613029 0.470111 0.034022 0.065177