1 0.520161 0.631150 0.030242 0.047518
1 0.426411 0.610242 0.014113 0.039915
1 0.455141 0.456283 0.029234 0.024709
1 0.352319 0.382155 0.021169 0.039915
1 0.312500 0.317530 0.018145 0.032312
1 0.291835 0.219643 0.013105 0.045617
1 0.374496 0.228196 0.017137 0.028511
1 0.396169 0.289019 0.024194 0.036114
1 0.407258 0.346041 0.018145 0.036114
1 0.517137 0.267161 0.020161 0.026610
1 0.503528 0.300424 0.013105 0.032312
1 0.525202 0.347942 0.022177 0.047518
1 0.539819 0.321332 0.015121 0.047518
1 0.612399 0.198735 0.035282 0.053220
1 0.581149 0.501901 0.025202 0.043717
1 0.620968 0.480042 0.016129 0.041816
1 0.612903 0.397361 0.018145 0.036114
1 0.623488 0.328935 0.023185 0.043717
1 0.610887 0.258608 0.022177 0.043717
1 0.643649 0.432524 0.019153 0.038015
0 0.680948 0.227246 0.039315 0.140654
0 0.527722 0.856386 0.041331 0.083632
0 0.498992 0.434425 0.018145 0.041816
0 0.484879 0.203486 0.026210 0.127349
0 0.565524 0.359346 0.018145 0.032312
0 0.323085 0.621647 0.031250 0.024709
0 0.258569 0.681519 0.021169 0.041816