1 0.280746 0.689036 0.023185 0.037807
1 0.284778 0.572014 0.033266 0.041408
1 0.327117 0.364974 0.025202 0.034207
1 0.331653 0.627825 0.022177 0.037807
1 0.372480 0.542308 0.039315 0.050410
1 0.324093 0.291160 0.025202 0.034207
1 0.356855 0.324466 0.014113 0.036007
1 0.338710 0.228148 0.016129 0.034207
1 0.359879 0.186905 0.018145 0.025205
1 0.379704 0.185705 0.009409 0.032406
1 0.403226 0.204309 0.016129 0.031206
1 0.363239 0.263720 0.016801 0.034807
1 0.401210 0.240315 0.017473 0.019204
1 0.441196 0.234314 0.011425 0.024005
1 0.471438 0.210310 0.012769 0.024005
1 0.429099 0.307528 0.018145 0.026405
1 0.466062 0.247517 0.014113 0.026405
1 0.500000 0.249317 0.013441 0.027605
1 0.400538 0.336334 0.018817 0.028806
1 0.398185 0.387944 0.015457 0.024005
1 0.412970 0.689802 0.030242 0.037207
1 0.430444 0.494764 0.012769 0.026405
1 0.436156 0.385543 0.013441 0.031206
1 0.520161 0.681400 0.033602 0.051610
1 0.487231 0.677199 0.017473 0.043208
1 0.474126 0.536172 0.018145 0.027605
1 0.461022 0.491764 0.012097 0.022804
1 0.468414 0.388544 0.013441 0.020404
1 0.458669 0.311729 0.014113 0.015603
1 0.451613 0.338134 0.017473 0.015603
1 0.498656 0.351337 0.012097 0.025205
1 0.522513 0.326732 0.015457 0.021604
1 0.529234 0.267921 0.010081 0.021604
1 0.681452 0.280523 0.026882 0.030006
1 0.636089 0.323131 0.024866 0.028806
1 0.581317 0.496565 0.022849 0.020404
1 0.577957 0.625589 0.021505 0.028806
1 0.675403 0.546374 0.037634 0.048009
1 0.674059 0.423951 0.018817 0.040808
1 0.706317 0.391544 0.029570 0.043208
1 0.723118 0.302727 0.020161 0.031206
0 0.211022 0.608186 0.016129 0.073214
0 0.253360 0.726409 0.020161 0.040808
0 0.304099 0.770217 0.028898 0.034807
0 0.348790 0.821827 0.013441 0.025205
0 0.384745 0.682000 0.015457 0.043208
0 0.544019 0.380142 0.023522 0.039608
0 0.403898 0.280523 0.016129 0.022804
0 0.587030 0.416749 0.010081 0.045609
0 0.617272 0.449756 0.015457 0.027605
0 0.644825 0.470160 0.015457 0.018003
0 0.669355 0.498965 0.009409 0.025205
0 0.750000 0.476161 0.024194 0.015603
0 0.627016 0.372341 0.024194 0.036007
0 0.747984 0.576980 0.025538 0.039608
0 0.378696 0.848832 0.014113 0.033606
0 0.686156 0.817626 0.014785 0.038407
0 0.646505 0.778019 0.026882 0.048009