1 0.232863 0.204678 0.024194 0.042720
1 0.417339 0.208393 0.014113 0.027861
1 0.442540 0.252970 0.010081 0.042720
1 0.576613 0.230681 0.026210 0.042720
1 0.638609 0.225109 0.021169 0.039005
1 0.527722 0.278973 0.021169 0.039005
1 0.583669 0.309620 0.014113 0.037147
1 0.629536 0.335623 0.023185 0.029718
1 0.339214 0.292903 0.013105 0.026003
1 0.347782 0.193534 0.034274 0.027861
1 0.347782 0.236253 0.024194 0.024146
1 0.297379 0.278973 0.018145 0.031575
1 0.238407 0.320764 0.013105 0.022288
1 0.249496 0.386700 0.023185 0.046434