0 0.242440 0.852085 0.033266 0.040403
0 0.473286 0.845351 0.063508 0.046175
0 0.544859 0.892488 0.015121 0.048099
0 0.763105 0.339349 0.026210 0.034631
0 0.705645 0.394182 0.022177 0.021164
0 0.768145 0.428813 0.042339 0.071187
0 0.775706 0.643335 0.021169 0.100046
0 0.767137 0.753963 0.032258 0.078882
0 0.739919 0.848237 0.024194 0.044251
0 0.493448 0.745305 0.027218 0.061567
0 0.269153 0.540403 0.036290 0.051947
0 0.220766 0.661613 0.022177 0.048099
0 0.229839 0.546175 0.024194 0.055795
0 0.669859 0.441319 0.013105 0.042327
1 0.435988 0.400916 0.019153 0.038479
1 0.320565 0.278744 0.018145 0.044251
1 0.360887 0.341273 0.018145 0.026935
1 0.316532 0.397068 0.024194 0.034631
1 0.268649 0.493266 0.021169 0.030783
1 0.306452 0.505772 0.014113 0.040403
1 0.343750 0.532707 0.020161 0.028859
1 0.402722 0.553871 0.017137 0.032707
1 0.420363 0.482684 0.014113 0.044251
1 0.353327 0.696244 0.019153 0.048099
1 0.417339 0.678929 0.024194 0.059643
1 0.457157 0.333577 0.021169 0.053871
1 0.498992 0.391296 0.020161 0.053871
1 0.474798 0.658727 0.020161 0.030783
1 0.542339 0.558681 0.020161 0.038479
1 0.547379 0.495190 0.016129 0.038479
1 0.592742 0.317224 0.012097 0.036555
1 0.618952 0.377828 0.014113 0.026935
1 0.606855 0.441319 0.016129 0.042327
1 0.586694 0.569263 0.016129 0.025012
1 0.599294 0.702978 0.019153 0.034631
1 0.667843 0.714522 0.031250 0.061567
1 0.652722 0.605818 0.023185 0.044251
1 0.668851 0.498076 0.025202 0.048099
1 0.706149 0.435547 0.025202 0.042327