0 0.326613 0.183046 0.040323 0.080645
0 0.479839 0.806639 0.026210 0.045011
0 0.485887 0.874156 0.028226 0.041260
0 0.684476 0.842273 0.030242 0.041260
0 0.313508 0.575956 0.034274 0.033758
0 0.369960 0.642536 0.024194 0.050638
0 0.304435 0.663166 0.026210 0.028132
0 0.484375 0.228057 0.013105 0.039385
0 0.508065 0.168042 0.026210 0.046887
0 0.627520 0.361215 0.017137 0.024381
0 0.677923 0.409977 0.019153 0.028132
0 0.507056 0.431545 0.034274 0.048762
0 0.583165 0.499062 0.021169 0.041260
1 0.604335 0.672543 0.033266 0.043136
1 0.530746 0.653788 0.013105 0.031883
1 0.462702 0.617217 0.012097 0.033758
1 0.426915 0.605026 0.013105 0.031883
1 0.374496 0.594711 0.023185 0.037509
1 0.334677 0.389347 0.014113 0.039385
1 0.314012 0.377157 0.013105 0.037509
1 0.276714 0.265566 0.017137 0.043136
1 0.242944 0.233683 0.016129 0.024381
1 0.441532 0.297449 0.010081 0.031883
1 0.461190 0.257127 0.017137 0.045011
1 0.625000 0.284321 0.000000 0.001875
1 0.484879 0.261815 0.012097 0.043136
1 0.635081 0.265566 0.026210 0.031883
1 0.596774 0.343398 0.012097 0.048762
1 0.546875 0.394036 0.013105 0.030008
1 0.468750 0.344336 0.024194 0.054389
1 0.585685 0.399662 0.012097 0.041260
1 0.620968 0.411853 0.012097 0.031883
1 0.651714 0.341523 0.021169 0.037509
1 0.620464 0.575019 0.017137 0.043136